,A,C,D,E,F,G,H,I,K,L,M,N,P,Q,R,S,T,V,W,Y,Gap
7,0.002189552705661558,0.9324366593681577,0.0006255864873318737,0.0020331560838285894,0.0025023459493274947,0.006255864873318737,0.001876759461995621,0.0020331560838285894,0.0025023459493274947,0.003440725680325305,0.0015639662183296842,0.0017203628401626526,0.005161088520487958,0.002189552705661558,0.009071004066312168,0.0065686581169846735,0.0031279324366593683,0.009071004066312168,0.0029715358148264,0.002658742571160463,0.0
8,0.05598999061620269,0.07460118861432594,0.03425086018142008,0.019393181107288084,0.024085079762277136,0.08492336565530184,0.02955896152643103,0.02830778855176728,0.026743822333437597,0.08586174538629966,0.03378167031592118,0.026118235846105724,0.06740694401000938,0.0237722865186112,0.10040663121676571,0.0925868001251173,0.05458242101970597,0.07491398185799186,0.029715358148264,0.032999687206756334,0.0
9,0.06693775414451048,0.062245855489521426,0.036440412887081636,0.03550203315608383,0.017985611510791366,0.11729746637472631,0.028151391929934315,0.01767281826712543,0.032843290584923364,0.039881138567406944,0.019862370972786987,0.028933375039099155,0.069283703472005,0.02643102908977166,0.13543947450735064,0.1049421332499218,0.05067250547388177,0.060681889271191745,0.02142633719111667,0.02736940882076947,0.0
9b,0.05082890209571473,0.04942133249921802,0.02830778855176728,0.02158273381294964,0.013137316233969347,0.09587112918360964,0.021269940569283705,0.010947763528307789,0.022364716922114482,0.030184548013762903,0.017047231779793556,0.02471066624960901,0.043321864247732246,0.020175164216452924,0.09618392242727557,0.0713168595558336,0.03753518923991242,0.03425086018142008,0.01563966218329684,0.015014075695964968,0.28088833281201125
9c,0.0178292148889584,0.01954957772912105,0.012198936502971536,0.01079136690647482,0.00688145136065061,0.03581482639974976,0.007037847982483579,0.005004691898654989,0.009540193931811073,0.01563966218329684,0.007663434469815452,0.009383797309978105,0.017985611510791366,0.008289020957147326,0.034563653425086015,0.030184548013762903,0.015170472317797936,0.01876759461995621,0.010165780419142947,0.009696590553644042,0.697841726618705
10,0.06396621832968408,0.06177666562402252,0.03393806693775414,0.03237410071942446,0.023146700031279326,0.1223021582733813,0.02658742571160463,0.017203628401626526,0.027994995308101345,0.05067250547388177,0.022364716922114482,0.02877697841726619,0.046449796684391614,0.024241476384110103,0.12699405692837035,0.11323115420706913,0.05317485142320926,0.06740694401000938,0.03237410071942446,0.025023459493274947,0.0
11,0.06771973725367532,0.09180481701595246,0.032999687206756334,0.028151391929934315,0.023459493274945262,0.11651548326556146,0.02549264935877385,0.02361588989677823,0.02955896152643103,0.06146387238035658,0.027682202064435408,0.029402564904598062,0.04973412574288395,0.022521113543947452,0.12433531435720989,0.09383797309978105,0.020957147325617768,0.0722552392868314,0.03425086018142008,0.024241476384110103,0.0
12,0.0032843290584923367,0.9327494526118236,0.002189552705661558,0.003440725680325305,0.0009383797309978105,0.010322177040975915,0.001876759461995621,0.0017203628401626526,0.002189552705661558,0.004066312167657179,0.0020331560838285894,0.0014075695964967157,0.0007819831091648421,0.0012511729746637473,0.008445417578980294,0.005786675007819831,0.0029715358148264,0.0089146074444792,0.003753518923991242,0.001876759461995621,0.0
34,0.06850172036284016,0.0781983109164842,0.03127932436659368,0.02283390678761339,0.022521113543947452,0.1426337191116672,0.027056615577103534,0.021895527056615578,0.028933375039099155,0.06818892711917422,0.021739130434782608,0.02846418517360025,0.048795746011886146,0.02267751016578042,0.12136377854238349,0.10009383797309979,0.04097591492023772,0.0598999061620269,0.022364716922114482,0.02158273381294964,0.0
35,0.05724116359086644,0.08320300281513919,0.03049734125742884,0.022364716922114482,0.025023459493274947,0.1074444791992493,0.025023459493274947,0.021269940569283705,0.03127932436659368,0.0722552392868314,0.02564904598060682,0.0326868939630904,0.04989052236471692,0.02658742571160463,0.1321551454488583,0.0980606818892712,0.04222708789490147,0.06349702846418517,0.03253049734125743,0.021113543947450734,0.0
36,0.0598999061620269,0.10056302783859869,0.028933375039099155,0.022051923678448545,0.030340944635595873,0.11057241163590867,0.025961839224272757,0.024241476384110103,0.025961839224272757,0.08695652173913043,0.025336252736940883,0.03378167031592118,0.048795746011886146,0.02158273381294964,0.10009383797309979,0.08382858930247107,0.036440412887081636,0.07162965279949952,0.0356584297779168,0.02736940882076947,0.0
36b,0.039724741945573974,0.05817954332186425,0.020800750703784798,0.01876759461995621,0.014388489208633094,0.07976227713481389,0.018454801376290273,0.016108852048795745,0.020331560838285894,0.05505161088520488,0.0178292148889584,0.021113543947450734,0.03550203315608383,0.012980919612136379,0.07272442915233031,0.06318423522051923,0.027838598686268378,0.040037535189239915,0.021269940569283705,0.017985611510791366,0.32796371598373475
36c,0.01954957772912105,0.022990303409446355,0.00985298717547701,0.010009383797309979,0.0054738817641538946,0.033156083828589304,0.0073506412261495156,0.004066312167657179,0.005317485142320926,0.013293712855802315,0.006412261495151705,0.009696590553644042,0.013450109477635284,0.006412261495151705,0.02736940882076947,0.02752580544260244,0.009383797309978105,0.018298404754457303,0.008289020957147326,0.00781983109164842,0.7342821395057867
37,0.060681889271191745,0.08148263997497654,0.03143572098842665,0.03065373787926181,0.0237722865186112,0.12073819205505161,0.026743822333437597,0.022364716922114482,0.026118235846105724,0.07319361901782921,0.023303096653112292,0.027213012198936504,0.05630278385986863,0.023459493274945262,0.10556771973725368,0.09336878323428215,0.04128870816390366,0.07272442915233031,0.036440412887081636,0.023146700031279326,0.0
38,0.06271504535502033,0.08398498592430403,0.022990303409446355,0.02846418517360025,0.027994995308101345,0.13575226775101656,0.022364716922114482,0.02361588989677823,0.020800750703784798,0.08242101970597435,0.026274632467938694,0.02158273381294964,0.04738817641538943,0.025805442602439787,0.10025023459493275,0.08148263997497654,0.03722239599624648,0.08977166093212387,0.03253049734125743,0.02658742571160463,0.0
39,0.06162026900218955,0.07991867375664685,0.027213012198936504,0.036753206130747576,0.022364716922114482,0.11276196434157022,0.022364716922114482,0.02064435408195183,0.02736940882076947,0.06396621832968408,0.02955896152643103,0.029871754770096966,0.038160775727244294,0.02658742571160463,0.1332499218016891,0.08242101970597435,0.04457303722239599,0.07381920550516109,0.04081951829840475,0.025961839224272757,0.0
